51
76
41
88
91
61
52
42
77
67
46
79
61
31
71
62
37
21
38
11
85
93
1
84
59
52
33
13
67
25
12
34
58
78
92
82
71
18
83
19
18
22
46
52
90
91
65
1
1
62
76
84
73
84
64
57
75
57
30
39
28
39
75
52
56
13
21
82
39
89
90
20
38
20
92
64
48
49
93
68
87
32
13
6
48
27
60
74
15
35
8
15
87
45
90
79
47
93
96
78
70
83
62
12
71
56
46
54
91
1
9
27
63
62
52
96
27
69
4
29
52
47
67
4
82
76
32
92
30
14
17
54
53
16
97
4
70
1
34
92
80
7
82
15
26
80
51
26
93
94
52
78
89
67
26
24
16
59
29
95
25
53
25
77
83
55
73
48
64
48
26
26
35
12
49
46
64
52
77
2
25
6
99
36
62
39
64
86
89
74
87
12
72
39
67
28
82
6
31
71
8
4
62
45
68
27
43
78
18
79
59
63
81
28
71
19
54
88
16
45
90
87
59
90
60
15
54
96
44
21
64
59
21
6
94
21
44
54
68
36
96
86
68
11
15
24
30
44
67
49
73
93
90
86
80
20
45
71
85
53
72
46
34
96
15
1
43
75
34
50
75
99
21
80
49
5
20
48
75
36
85
10
29
95
48
71
69
35
26
75
76
72
69
15
63
50
53
71
95
14
81
54
11
18
73
74
72
10
38
76
99
96
95
49
68
62
17
38
49
43
32
8
50
59
73
3
31
6
17
98
52
49
53
62
54
31
99
12
23
73
99
59
96
49
75
80
76
20
47
2
33
15
22
52
81
73
5
51
44
70
44
66
93
39
25
51
43
34
94
37
62
6
16
75
44
73
12
1
83
93
27
11
59
16
65
37
28
1
80
81
26
48
67
52
30
33
65
57
25
25
37
42
26
10
39
28
99
46
9
9
62
4
68
51
44
33
8
77
74
87
23
43
53
14
12
15
38
63
46
12
8
54
76
59
56
84
85
49
77
38
37
81
92
72
19
22
80
16
8
97
25
87
83
37
2
94
88
12
98
25
89
36
1
96
1
9
28
9
95
60
48
59
1
36
51
42
50
81
95
89
34
22
56
49
86
20
70
39
57
61
95
74
50
53
48
1
81
95
71
10
94
71
21
48
49
66
87
47
86
60
44
8
17
10
90
67
80
52
11
80
39
89
51
34
64
74
9
48
88
50
60
54
10
85
94
62
2
9
99
21
33
23
53
97
18
88
57
41
62
81
21
30
85
91
71
6
20
87
83
75
57
39
59
36
1
89
97
31
15
29
66
71
52
90
47
16
36
54
17
76
17
68
86
7
30
31
69
19
14
89
42
15
26
24
63
93
63
18
97
28
90
27
26
34
16
49
77
95
44
56
69
66
71
7
59
89
53
53
7
70
21
78
18
25
86
51
46
28
27
53
52
19
57
88
86
90
42
53
91
80
53
73
74
58
21
76
44
19
65
74
41
11
12
28
8
12
9
1
47
64
4
49
68
90
5
50
9
82
21
68
47
1
61
26
17
47
5
59
5
10
8
27
63
53
13
41
8
30
81
74
81
42
6
28
77
4
5
84
54
70
68
61
98
96
28
40
50
85
11
60
8
50
96
37
56
76
86
16
77
63
43
78
1
47
87
5
94
34
49
14
42
20
6
35
42
46
28
66
26
72
91
22
20
21
66
32
46
68
71
1
18
89
7
90
28
89
60
52
10
23
45
16
37
97
19
88
44
62
94
10
49
21
90
6
71
21
59
80
80
56
59
27
63
49
95
53
14
15
7
53
85
76
56
3
28
75
85
22
3
78
87
84
73
61
52
96
98
2
19
7
31
80
71
54
63
19
53
87
2
65
74
30
55
42
25
72
64
87
77
96
35
37
77
3
68
75
53
2
97
98
54
12
95
1
23
5
5
3
39
9
23
97
21
38
4
58
30
32
37
79
33
12
24
23
71
93
4
69
85
88
66
52
90
3
12
62
34
54
20
20
68
62
48
69
74
37
17
40
98
11
46
21
65
18
66
43
88
73
29
29
2
35
17
51
42
70
8
19
26
41
24
75
12
18
12
71
63
54
49
34
77
64
71
75
43
45
86
73
36
68
74
61
26
91
18
33
45
97
27
4
30
97
14
57
86
70
10
48
7
95
80
34
24
94
52
37
64
42
9
97
84
34
82
57
67
63
50
21
99
78
26
65
28
46
4
79
51
14
88
72
36
39
66
41
88
40
38
31
39
80
69
4
89
30
20
96
16
56
89
24
